{
 "cells": [
  {
   "cell_type": "code",
   "execution_count": 1,
   "id": "b676143d",
   "metadata": {},
   "outputs": [],
   "source": [
    "using DifferentialEquations,Plots,DataFrames,CSV"
   ]
  },
  {
   "cell_type": "code",
   "execution_count": 2,
   "id": "7ea6613f",
   "metadata": {},
   "outputs": [
    {
     "data": {
      "text/plain": [
       "sir_ode2 (generic function with 1 method)"
      ]
     },
     "execution_count": 2,
     "metadata": {},
     "output_type": "execute_result"
    }
   ],
   "source": [
    "function sir_ode2(du,u,p,t)\n",
    "    S,I,R = u\n",
    "    b,g = p\n",
    "    du[1] = -b*S*I\n",
    "    du[2] = b*S*I-g*I\n",
    "    du[3] = g*I\n",
    "end"
   ]
  },
  {
   "cell_type": "code",
   "execution_count": 3,
   "id": "4cc924b4",
   "metadata": {},
   "outputs": [
    {
     "data": {
      "text/plain": [
       "2-element Vector{Float64}:\n",
       " 0.1\n",
       " 0.05"
      ]
     },
     "execution_count": 3,
     "metadata": {},
     "output_type": "execute_result"
    }
   ],
   "source": [
    "parms = [0.1,0.05]"
   ]
  },
  {
   "cell_type": "code",
   "execution_count": 4,
   "id": "eea9da95",
   "metadata": {},
   "outputs": [
    {
     "data": {
      "text/plain": [
       "3-element Vector{Float64}:\n",
       " 0.99\n",
       " 0.01\n",
       " 0.0"
      ]
     },
     "execution_count": 4,
     "metadata": {},
     "output_type": "execute_result"
    }
   ],
   "source": [
    "init = [0.99,0.01,0.0]"
   ]
  },
  {
   "cell_type": "code",
   "execution_count": 5,
   "id": "cfc75e55",
   "metadata": {},
   "outputs": [
    {
     "data": {
      "text/plain": [
       "(0.0, 200.0)"
      ]
     },
     "execution_count": 5,
     "metadata": {},
     "output_type": "execute_result"
    }
   ],
   "source": [
    "tspan = (0.0,200.0)"
   ]
  },
  {
   "cell_type": "code",
   "execution_count": 6,
   "id": "8f638e24",
   "metadata": {},
   "outputs": [
    {
     "data": {
      "text/plain": [
       "\u001b[36mODEProblem\u001b[0m with uType \u001b[36mVector{Float64}\u001b[0m and tType \u001b[36mFloat64\u001b[0m. In-place: \u001b[36mtrue\u001b[0m\n",
       "timespan: (0.0, 200.0)\n",
       "u0: 3-element Vector{Float64}:\n",
       " 0.99\n",
       " 0.01\n",
       " 0.0"
      ]
     },
     "execution_count": 6,
     "metadata": {},
     "output_type": "execute_result"
    }
   ],
   "source": [
    "sir_prob2 = ODEProblem(sir_ode2,init,tspan,parms)"
   ]
  },
  {
   "cell_type": "code",
   "execution_count": 7,
   "id": "6080344d",
   "metadata": {},
   "outputs": [
    {
     "data": {
      "text/plain": [
       "retcode: Success\n",
       "Interpolation: 1st order linear\n",
       "t: 20001-element Vector{Float64}:\n",
       "   0.0\n",
       "   0.01\n",
       "   0.02\n",
       "   0.03\n",
       "   0.04\n",
       "   0.05\n",
       "   0.06\n",
       "   0.07\n",
       "   0.08\n",
       "   0.09\n",
       "   0.1\n",
       "   0.11\n",
       "   0.12\n",
       "   ⋮\n",
       " 199.89\n",
       " 199.9\n",
       " 199.91\n",
       " 199.92\n",
       " 199.93\n",
       " 199.94\n",
       " 199.95\n",
       " 199.96\n",
       " 199.97\n",
       " 199.98\n",
       " 199.99\n",
       " 200.0\n",
       "u: 20001-element Vector{Vector{Float64}}:\n",
       " [0.99, 0.01, 0.0]\n",
       " [0.9899900976236442, 0.010004901151163922, 5.001225191855454e-6]\n",
       " [0.9899801904931536, 0.01000980460531147, 1.000490153499936e-5]\n",
       " [0.9899702786063923, 0.010014710363426571, 1.501103018116769e-5]\n",
       " [0.989960361961224, 0.01001961842649347, 2.0019612282589236e-5]\n",
       " [0.9899504405555113, 0.010024528795496734, 2.5030648991985667e-5]\n",
       " [0.9899405143871162, 0.010029441471421253, 3.0044141462571572e-5]\n",
       " [0.9899305834538997, 0.010034356455252238, 3.506009084805434e-5]\n",
       " [0.9899206477537221, 0.010039273747975228, 4.007849830263415e-5]\n",
       " [0.9899107072844429, 0.01004419335057608, 4.509936498100437e-5]\n",
       " [0.9899007620439206, 0.01004911526404097, 5.012269203835053e-5]\n",
       " [0.9898908120300133, 0.010054039489356407, 5.5148480630351864e-5]\n",
       " [0.9898808572405776, 0.01005896602750921, 6.017673191317971e-5]\n",
       " ⋮\n",
       " [0.2098735652603264, 0.014519361684632519, 0.7756070730550412]\n",
       " [0.20987051849409985, 0.014515149823047179, 0.775614331682853]\n",
       " [0.2098674726559237, 0.014510939139044814, 0.7756215882050316]\n",
       " [0.2098644277455122, 0.01450672963232269, 0.7756288426221651]\n",
       " [0.20986138376257973, 0.014502521302578217, 0.7756360949348421]\n",
       " [0.20985834070684076, 0.01449831414950884, 0.7756433451436505]\n",
       " [0.20985529857800983, 0.014494108172812024, 0.7756505932491782]\n",
       " [0.20985225737580163, 0.014489903372185321, 0.7756578392520131]\n",
       " [0.20984921709993093, 0.014485699747326393, 0.7756650831527427]\n",
       " [0.20984617775011258, 0.014481497297932872, 0.7756723249519546]\n",
       " [0.2098431393260615, 0.014477296023702504, 0.7756795646502361]\n",
       " [0.20984010182749277, 0.014473095924333093, 0.7756868022481742]"
      ]
     },
     "execution_count": 7,
     "metadata": {},
     "output_type": "execute_result"
    }
   ],
   "source": [
    "sir_sol = solve(sir_prob2,saveat = 0.01)"
   ]
  },
  {
   "cell_type": "code",
   "execution_count": 10,
   "id": "4a57ebcd",
   "metadata": {},
   "outputs": [
    {
     "data": {
      "text/plain": [
       "20001-element Vector{Vector{Float64}}:\n",
       " [0.99, 0.01, 0.0]\n",
       " [0.9899900976236442, 0.010004901151163922, 5.001225191855454e-6]\n",
       " [0.9899801904931536, 0.01000980460531147, 1.000490153499936e-5]\n",
       " [0.9899702786063923, 0.010014710363426571, 1.501103018116769e-5]\n",
       " [0.989960361961224, 0.01001961842649347, 2.0019612282589236e-5]\n",
       " [0.9899504405555113, 0.010024528795496734, 2.5030648991985667e-5]\n",
       " [0.9899405143871162, 0.010029441471421253, 3.0044141462571572e-5]\n",
       " [0.9899305834538997, 0.010034356455252238, 3.506009084805434e-5]\n",
       " [0.9899206477537221, 0.010039273747975228, 4.007849830263415e-5]\n",
       " [0.9899107072844429, 0.01004419335057608, 4.509936498100437e-5]\n",
       " [0.9899007620439206, 0.01004911526404097, 5.012269203835053e-5]\n",
       " [0.9898908120300133, 0.010054039489356407, 5.5148480630351864e-5]\n",
       " [0.9898808572405776, 0.01005896602750921, 6.017673191317971e-5]\n",
       " ⋮\n",
       " [0.2098735652603264, 0.014519361684632519, 0.7756070730550412]\n",
       " [0.20987051849409985, 0.014515149823047179, 0.775614331682853]\n",
       " [0.2098674726559237, 0.014510939139044814, 0.7756215882050316]\n",
       " [0.2098644277455122, 0.01450672963232269, 0.7756288426221651]\n",
       " [0.20986138376257973, 0.014502521302578217, 0.7756360949348421]\n",
       " [0.20985834070684076, 0.01449831414950884, 0.7756433451436505]\n",
       " [0.20985529857800983, 0.014494108172812024, 0.7756505932491782]\n",
       " [0.20985225737580163, 0.014489903372185321, 0.7756578392520131]\n",
       " [0.20984921709993093, 0.014485699747326393, 0.7756650831527427]\n",
       " [0.20984617775011258, 0.014481497297932872, 0.7756723249519546]\n",
       " [0.2098431393260615, 0.014477296023702504, 0.7756795646502361]\n",
       " [0.20984010182749277, 0.014473095924333093, 0.7756868022481742]"
      ]
     },
     "execution_count": 10,
     "metadata": {},
     "output_type": "execute_result"
    }
   ],
   "source": [
    "sir_sol.u"
   ]
  },
  {
   "cell_type": "code",
   "execution_count": 8,
   "id": "4fef7c1e",
   "metadata": {},
   "outputs": [],
   "source": [
    "begin\n",
    "\tSaint=[]\n",
    "\tInfe=[]\n",
    "\tRec=[]\n",
    "\tfor i in 1:length(sir_sol)\n",
    "\t\tpush!(Saint,sir_sol[i][1])\n",
    "\t\tpush!(Infe,sir_sol[i][2])\n",
    "\t\tpush!(Rec,sir_sol[i][3])\n",
    "\tend\n",
    "end"
   ]
  },
  {
   "cell_type": "code",
   "execution_count": 9,
   "id": "1382f5c3",
   "metadata": {},
   "outputs": [
    {
     "data": {
      "text/html": [
       "<table class=\"data-frame\"><thead><tr><th></th><th>Saints</th><th>Infectieux</th><th>Guerris</th></tr><tr><th></th><th>Any</th><th>Any</th><th>Any</th></tr></thead><tbody><p>20,001 rows × 3 columns</p><tr><th>1</th><td>0.99</td><td>0.01</td><td>0.0</td></tr><tr><th>2</th><td>0.98999</td><td>0.0100049</td><td>5.00123e-6</td></tr><tr><th>3</th><td>0.98998</td><td>0.0100098</td><td>1.00049e-5</td></tr><tr><th>4</th><td>0.98997</td><td>0.0100147</td><td>1.5011e-5</td></tr><tr><th>5</th><td>0.98996</td><td>0.0100196</td><td>2.00196e-5</td></tr><tr><th>6</th><td>0.98995</td><td>0.0100245</td><td>2.50306e-5</td></tr><tr><th>7</th><td>0.989941</td><td>0.0100294</td><td>3.00441e-5</td></tr><tr><th>8</th><td>0.989931</td><td>0.0100344</td><td>3.50601e-5</td></tr><tr><th>9</th><td>0.989921</td><td>0.0100393</td><td>4.00785e-5</td></tr><tr><th>10</th><td>0.989911</td><td>0.0100442</td><td>4.50994e-5</td></tr><tr><th>11</th><td>0.989901</td><td>0.0100491</td><td>5.01227e-5</td></tr><tr><th>12</th><td>0.989891</td><td>0.010054</td><td>5.51485e-5</td></tr><tr><th>13</th><td>0.989881</td><td>0.010059</td><td>6.01767e-5</td></tr><tr><th>14</th><td>0.989871</td><td>0.0100639</td><td>6.52074e-5</td></tr><tr><th>15</th><td>0.989861</td><td>0.0100688</td><td>7.02406e-5</td></tr><tr><th>16</th><td>0.989851</td><td>0.0100738</td><td>7.52763e-5</td></tr><tr><th>17</th><td>0.989841</td><td>0.0100787</td><td>8.03144e-5</td></tr><tr><th>18</th><td>0.989831</td><td>0.0100836</td><td>8.5355e-5</td></tr><tr><th>19</th><td>0.989821</td><td>0.0100886</td><td>9.0398e-5</td></tr><tr><th>20</th><td>0.989811</td><td>0.0100935</td><td>9.54435e-5</td></tr><tr><th>21</th><td>0.989801</td><td>0.0100985</td><td>0.000100492</td></tr><tr><th>22</th><td>0.989791</td><td>0.0101034</td><td>0.000105542</td></tr><tr><th>23</th><td>0.989781</td><td>0.0101084</td><td>0.000110595</td></tr><tr><th>24</th><td>0.989771</td><td>0.0101133</td><td>0.00011565</td></tr><tr><th>25</th><td>0.989761</td><td>0.0101183</td><td>0.000120708</td></tr><tr><th>26</th><td>0.989751</td><td>0.0101232</td><td>0.000125769</td></tr><tr><th>27</th><td>0.989741</td><td>0.0101282</td><td>0.000130831</td></tr><tr><th>28</th><td>0.989731</td><td>0.0101331</td><td>0.000135897</td></tr><tr><th>29</th><td>0.989721</td><td>0.0101381</td><td>0.000140965</td></tr><tr><th>30</th><td>0.989711</td><td>0.0101431</td><td>0.000146035</td></tr><tr><th>&vellip;</th><td>&vellip;</td><td>&vellip;</td><td>&vellip;</td></tr></tbody></table>"
      ],
      "text/latex": [
       "\\begin{tabular}{r|ccc}\n",
       "\t& Saints & Infectieux & Guerris\\\\\n",
       "\t\\hline\n",
       "\t& Any & Any & Any\\\\\n",
       "\t\\hline\n",
       "\t1 & 0.99 & 0.01 & 0.0 \\\\\n",
       "\t2 & 0.98999 & 0.0100049 & 5.00123e-6 \\\\\n",
       "\t3 & 0.98998 & 0.0100098 & 1.00049e-5 \\\\\n",
       "\t4 & 0.98997 & 0.0100147 & 1.5011e-5 \\\\\n",
       "\t5 & 0.98996 & 0.0100196 & 2.00196e-5 \\\\\n",
       "\t6 & 0.98995 & 0.0100245 & 2.50306e-5 \\\\\n",
       "\t7 & 0.989941 & 0.0100294 & 3.00441e-5 \\\\\n",
       "\t8 & 0.989931 & 0.0100344 & 3.50601e-5 \\\\\n",
       "\t9 & 0.989921 & 0.0100393 & 4.00785e-5 \\\\\n",
       "\t10 & 0.989911 & 0.0100442 & 4.50994e-5 \\\\\n",
       "\t11 & 0.989901 & 0.0100491 & 5.01227e-5 \\\\\n",
       "\t12 & 0.989891 & 0.010054 & 5.51485e-5 \\\\\n",
       "\t13 & 0.989881 & 0.010059 & 6.01767e-5 \\\\\n",
       "\t14 & 0.989871 & 0.0100639 & 6.52074e-5 \\\\\n",
       "\t15 & 0.989861 & 0.0100688 & 7.02406e-5 \\\\\n",
       "\t16 & 0.989851 & 0.0100738 & 7.52763e-5 \\\\\n",
       "\t17 & 0.989841 & 0.0100787 & 8.03144e-5 \\\\\n",
       "\t18 & 0.989831 & 0.0100836 & 8.5355e-5 \\\\\n",
       "\t19 & 0.989821 & 0.0100886 & 9.0398e-5 \\\\\n",
       "\t20 & 0.989811 & 0.0100935 & 9.54435e-5 \\\\\n",
       "\t21 & 0.989801 & 0.0100985 & 0.000100492 \\\\\n",
       "\t22 & 0.989791 & 0.0101034 & 0.000105542 \\\\\n",
       "\t23 & 0.989781 & 0.0101084 & 0.000110595 \\\\\n",
       "\t24 & 0.989771 & 0.0101133 & 0.00011565 \\\\\n",
       "\t25 & 0.989761 & 0.0101183 & 0.000120708 \\\\\n",
       "\t26 & 0.989751 & 0.0101232 & 0.000125769 \\\\\n",
       "\t27 & 0.989741 & 0.0101282 & 0.000130831 \\\\\n",
       "\t28 & 0.989731 & 0.0101331 & 0.000135897 \\\\\n",
       "\t29 & 0.989721 & 0.0101381 & 0.000140965 \\\\\n",
       "\t30 & 0.989711 & 0.0101431 & 0.000146035 \\\\\n",
       "\t$\\dots$ & $\\dots$ & $\\dots$ & $\\dots$ \\\\\n",
       "\\end{tabular}\n"
      ],
      "text/plain": [
       "\u001b[1m20001×3 DataFrame\u001b[0m\n",
       "\u001b[1m   Row \u001b[0m│\u001b[1m Saints   \u001b[0m\u001b[1m Infectieux \u001b[0m\u001b[1m Guerris    \u001b[0m\n",
       "\u001b[1m       \u001b[0m│\u001b[90m Any      \u001b[0m\u001b[90m Any        \u001b[0m\u001b[90m Any        \u001b[0m\n",
       "───────┼──────────────────────────────────\n",
       "     1 │ 0.99      0.01        0.0\n",
       "     2 │ 0.98999   0.0100049   5.00123e-6\n",
       "     3 │ 0.98998   0.0100098   1.00049e-5\n",
       "     4 │ 0.98997   0.0100147   1.5011e-5\n",
       "     5 │ 0.98996   0.0100196   2.00196e-5\n",
       "     6 │ 0.98995   0.0100245   2.50306e-5\n",
       "     7 │ 0.989941  0.0100294   3.00441e-5\n",
       "     8 │ 0.989931  0.0100344   3.50601e-5\n",
       "     9 │ 0.989921  0.0100393   4.00785e-5\n",
       "    10 │ 0.989911  0.0100442   4.50994e-5\n",
       "    11 │ 0.989901  0.0100491   5.01227e-5\n",
       "   ⋮   │    ⋮          ⋮           ⋮\n",
       " 19992 │ 0.209867  0.0145109   0.775622\n",
       " 19993 │ 0.209864  0.0145067   0.775629\n",
       " 19994 │ 0.209861  0.0145025   0.775636\n",
       " 19995 │ 0.209858  0.0144983   0.775643\n",
       " 19996 │ 0.209855  0.0144941   0.775651\n",
       " 19997 │ 0.209852  0.0144899   0.775658\n",
       " 19998 │ 0.209849  0.0144857   0.775665\n",
       " 19999 │ 0.209846  0.0144815   0.775672\n",
       " 20000 │ 0.209843  0.0144773   0.77568\n",
       " 20001 │ 0.20984   0.0144731   0.775687\n",
       "\u001b[36m                        19980 rows omitted\u001b[0m"
      ]
     },
     "execution_count": 9,
     "metadata": {},
     "output_type": "execute_result"
    }
   ],
   "source": [
    "df = DataFrame(Saints=Saint, \n",
    "               Infectieux = Infe,\n",
    "               Guerris=Rec\n",
    "               )"
   ]
  },
  {
   "cell_type": "code",
   "execution_count": null,
   "id": "ede7abe5",
   "metadata": {},
   "outputs": [],
   "source": [
    "CSV.write(\"data_simulated.csv\", df)"
   ]
  },
  {
   "cell_type": "code",
   "execution_count": 11,
   "id": "8f371ac0",
   "metadata": {},
   "outputs": [
    {
     "data": {
      "image/svg+xml": [
       "<?xml version=\"1.0\" encoding=\"utf-8\"?>\n",
       "<svg xmlns=\"http://www.w3.org/2000/svg\" xmlns:xlink=\"http://www.w3.org/1999/xlink\" width=\"600\" height=\"400\" viewBox=\"0 0 2400 1600\">\n",
       "<defs>\n",
       "  <clipPath id=\"clip380\">\n",
       "    <rect x=\"0\" y=\"0\" width=\"2400\" height=\"1600\"/>\n",
       "  </clipPath>\n",
       "</defs>\n",
       "<path clip-path=\"url(#clip380)\" d=\"\n",
       "M0 1600 L2400 1600 L2400 0 L0 0  Z\n",
       "  \" fill=\"#ffffff\" fill-rule=\"evenodd\" fill-opacity=\"1\"/>\n",
       "<defs>\n",
       "  <clipPath id=\"clip381\">\n",
       "    <rect x=\"480\" y=\"0\" width=\"1681\" height=\"1600\"/>\n",
       "  </clipPath>\n",
       "</defs>\n",
       "<path clip-path=\"url(#clip380)\" d=\"\n",
       "M249.542 1423.18 L2352.76 1423.18 L2352.76 47.2441 L249.542 47.2441  Z\n",
       "  \" fill=\"#ffffff\" fill-rule=\"evenodd\" fill-opacity=\"1\"/>\n",
       "<defs>\n",
       "  <clipPath id=\"clip382\">\n",
       "    <rect x=\"249\" y=\"47\" width=\"2104\" height=\"1377\"/>\n",
       "  </clipPath>\n",
       "</defs>\n",
       "<polyline clip-path=\"url(#clip382)\" style=\"stroke:#000000; stroke-width:2; stroke-opacity:0.1; fill:none\" points=\"\n",
       "  249.542,1423.18 249.542,47.2441 \n",
       "  \"/>\n",
       "<polyline clip-path=\"url(#clip382)\" style=\"stroke:#000000; stroke-width:2; stroke-opacity:0.1; fill:none\" points=\"\n",
       "  775.346,1423.18 775.346,47.2441 \n",
       "  \"/>\n",
       "<polyline clip-path=\"url(#clip382)\" style=\"stroke:#000000; stroke-width:2; stroke-opacity:0.1; fill:none\" points=\"\n",
       "  1301.15,1423.18 1301.15,47.2441 \n",
       "  \"/>\n",
       "<polyline clip-path=\"url(#clip382)\" style=\"stroke:#000000; stroke-width:2; stroke-opacity:0.1; fill:none\" points=\"\n",
       "  1826.95,1423.18 1826.95,47.2441 \n",
       "  \"/>\n",
       "<polyline clip-path=\"url(#clip382)\" style=\"stroke:#000000; stroke-width:2; stroke-opacity:0.1; fill:none\" points=\"\n",
       "  2352.76,1423.18 2352.76,47.2441 \n",
       "  \"/>\n",
       "<polyline clip-path=\"url(#clip380)\" style=\"stroke:#000000; stroke-width:4; stroke-opacity:1; fill:none\" points=\"\n",
       "  249.542,1423.18 2352.76,1423.18 \n",
       "  \"/>\n",
       "<polyline clip-path=\"url(#clip380)\" style=\"stroke:#000000; stroke-width:4; stroke-opacity:1; fill:none\" points=\"\n",
       "  249.542,1423.18 249.542,1406.67 \n",
       "  \"/>\n",
       "<polyline clip-path=\"url(#clip380)\" style=\"stroke:#000000; stroke-width:4; stroke-opacity:1; fill:none\" points=\"\n",
       "  775.346,1423.18 775.346,1406.67 \n",
       "  \"/>\n",
       "<polyline clip-path=\"url(#clip380)\" style=\"stroke:#000000; stroke-width:4; stroke-opacity:1; fill:none\" points=\"\n",
       "  1301.15,1423.18 1301.15,1406.67 \n",
       "  \"/>\n",
       "<polyline clip-path=\"url(#clip380)\" style=\"stroke:#000000; stroke-width:4; stroke-opacity:1; fill:none\" points=\"\n",
       "  1826.95,1423.18 1826.95,1406.67 \n",
       "  \"/>\n",
       "<polyline clip-path=\"url(#clip380)\" style=\"stroke:#000000; stroke-width:4; stroke-opacity:1; fill:none\" points=\"\n",
       "  2352.76,1423.18 2352.76,1406.67 \n",
       "  \"/>\n",
       "<path clip-path=\"url(#clip380)\" d=\"M 0 0 M249.542 1452.37 Q245.931 1452.37 244.102 1455.94 Q242.297 1459.48 242.297 1466.61 Q242.297 1473.71 244.102 1477.28 Q245.931 1480.82 249.542 1480.82 Q253.176 1480.82 254.982 1477.28 Q256.811 1473.71 256.811 1466.61 Q256.811 1459.48 254.982 1455.94 Q253.176 1452.37 249.542 1452.37 M249.542 1448.67 Q255.352 1448.67 258.408 1453.27 Q261.486 1457.86 261.486 1466.61 Q261.486 1475.33 258.408 1479.94 Q255.352 1484.52 249.542 1484.52 Q243.732 1484.52 240.653 1479.94 Q237.598 1475.33 237.598 1466.61 Q237.598 1457.86 240.653 1453.27 Q243.732 1448.67 249.542 1448.67 Z\" fill=\"#000000\" fill-rule=\"evenodd\" fill-opacity=\"1\" /><path clip-path=\"url(#clip380)\" d=\"M 0 0 M750.045 1449.29 L768.401 1449.29 L768.401 1453.23 L754.327 1453.23 L754.327 1461.7 Q755.346 1461.35 756.364 1461.19 Q757.383 1461 758.401 1461 Q764.188 1461 767.568 1464.18 Q770.947 1467.35 770.947 1472.76 Q770.947 1478.34 767.475 1481.44 Q764.003 1484.52 757.684 1484.52 Q755.508 1484.52 753.239 1484.15 Q750.994 1483.78 748.586 1483.04 L748.586 1478.34 Q750.67 1479.48 752.892 1480.03 Q755.114 1480.59 757.591 1480.59 Q761.596 1480.59 763.934 1478.48 Q766.271 1476.38 766.271 1472.76 Q766.271 1469.15 763.934 1467.05 Q761.596 1464.94 757.591 1464.94 Q755.716 1464.94 753.841 1465.36 Q751.989 1465.77 750.045 1466.65 L750.045 1449.29 Z\" fill=\"#000000\" fill-rule=\"evenodd\" fill-opacity=\"1\" /><path clip-path=\"url(#clip380)\" d=\"M 0 0 M790.16 1452.37 Q786.549 1452.37 784.72 1455.94 Q782.915 1459.48 782.915 1466.61 Q782.915 1473.71 784.72 1477.28 Q786.549 1480.82 790.16 1480.82 Q793.794 1480.82 795.6 1477.28 Q797.429 1473.71 797.429 1466.61 Q797.429 1459.48 795.6 1455.94 Q793.794 1452.37 790.16 1452.37 M790.16 1448.67 Q795.97 1448.67 799.026 1453.27 Q802.105 1457.86 802.105 1466.61 Q802.105 1475.33 799.026 1479.94 Q795.97 1484.52 790.16 1484.52 Q784.35 1484.52 781.271 1479.94 Q778.216 1475.33 778.216 1466.61 Q778.216 1457.86 781.271 1453.27 Q784.35 1448.67 790.16 1448.67 Z\" fill=\"#000000\" fill-rule=\"evenodd\" fill-opacity=\"1\" /><path clip-path=\"url(#clip380)\" d=\"M 0 0 M1260.76 1479.92 L1268.39 1479.92 L1268.39 1453.55 L1260.08 1455.22 L1260.08 1450.96 L1268.35 1449.29 L1273.02 1449.29 L1273.02 1479.92 L1280.66 1479.92 L1280.66 1483.85 L1260.76 1483.85 L1260.76 1479.92 Z\" fill=\"#000000\" fill-rule=\"evenodd\" fill-opacity=\"1\" /><path clip-path=\"url(#clip380)\" d=\"M 0 0 M1300.11 1452.37 Q1296.5 1452.37 1294.67 1455.94 Q1292.86 1459.48 1292.86 1466.61 Q1292.86 1473.71 1294.67 1477.28 Q1296.5 1480.82 1300.11 1480.82 Q1303.74 1480.82 1305.55 1477.28 Q1307.38 1473.71 1307.38 1466.61 Q1307.38 1459.48 1305.55 1455.94 Q1303.74 1452.37 1300.11 1452.37 M1300.11 1448.67 Q1305.92 1448.67 1308.97 1453.27 Q1312.05 1457.86 1312.05 1466.61 Q1312.05 1475.33 1308.97 1479.94 Q1305.92 1484.52 1300.11 1484.52 Q1294.3 1484.52 1291.22 1479.94 Q1288.16 1475.33 1288.16 1466.61 Q1288.16 1457.86 1291.22 1453.27 Q1294.3 1448.67 1300.11 1448.67 Z\" fill=\"#000000\" fill-rule=\"evenodd\" fill-opacity=\"1\" /><path clip-path=\"url(#clip380)\" d=\"M 0 0 M1330.27 1452.37 Q1326.66 1452.37 1324.83 1455.94 Q1323.02 1459.48 1323.02 1466.61 Q1323.02 1473.71 1324.83 1477.28 Q1326.66 1480.82 1330.27 1480.82 Q1333.9 1480.82 1335.71 1477.28 Q1337.54 1473.71 1337.54 1466.61 Q1337.54 1459.48 1335.71 1455.94 Q1333.9 1452.37 1330.27 1452.37 M1330.27 1448.67 Q1336.08 1448.67 1339.13 1453.27 Q1342.21 1457.86 1342.21 1466.61 Q1342.21 1475.33 1339.13 1479.94 Q1336.08 1484.52 1330.27 1484.52 Q1324.46 1484.52 1321.38 1479.94 Q1318.32 1475.33 1318.32 1466.61 Q1318.32 1457.86 1321.38 1453.27 Q1324.46 1448.67 1330.27 1448.67 Z\" fill=\"#000000\" fill-rule=\"evenodd\" fill-opacity=\"1\" /><path clip-path=\"url(#clip380)\" d=\"M 0 0 M1786.56 1479.92 L1794.2 1479.92 L1794.2 1453.55 L1785.89 1455.22 L1785.89 1450.96 L1794.15 1449.29 L1798.83 1449.29 L1798.83 1479.92 L1806.47 1479.92 L1806.47 1483.85 L1786.56 1483.85 L1786.56 1479.92 Z\" fill=\"#000000\" fill-rule=\"evenodd\" fill-opacity=\"1\" /><path clip-path=\"url(#clip380)\" d=\"M 0 0 M1815.96 1449.29 L1834.31 1449.29 L1834.31 1453.23 L1820.24 1453.23 L1820.24 1461.7 Q1821.26 1461.35 1822.28 1461.19 Q1823.3 1461 1824.31 1461 Q1830.1 1461 1833.48 1464.18 Q1836.86 1467.35 1836.86 1472.76 Q1836.86 1478.34 1833.39 1481.44 Q1829.92 1484.52 1823.6 1484.52 Q1821.42 1484.52 1819.15 1484.15 Q1816.91 1483.78 1814.5 1483.04 L1814.5 1478.34 Q1816.58 1479.48 1818.8 1480.03 Q1821.03 1480.59 1823.5 1480.59 Q1827.51 1480.59 1829.85 1478.48 Q1832.18 1476.38 1832.18 1472.76 Q1832.18 1469.15 1829.85 1467.05 Q1827.51 1464.94 1823.5 1464.94 Q1821.63 1464.94 1819.75 1465.36 Q1817.9 1465.77 1815.96 1466.65 L1815.96 1449.29 Z\" fill=\"#000000\" fill-rule=\"evenodd\" fill-opacity=\"1\" /><path clip-path=\"url(#clip380)\" d=\"M 0 0 M1856.07 1452.37 Q1852.46 1452.37 1850.63 1455.94 Q1848.83 1459.48 1848.83 1466.61 Q1848.83 1473.71 1850.63 1477.28 Q1852.46 1480.82 1856.07 1480.82 Q1859.71 1480.82 1861.51 1477.28 Q1863.34 1473.71 1863.34 1466.61 Q1863.34 1459.48 1861.51 1455.94 Q1859.71 1452.37 1856.07 1452.37 M1856.07 1448.67 Q1861.88 1448.67 1864.94 1453.27 Q1868.02 1457.86 1868.02 1466.61 Q1868.02 1475.33 1864.94 1479.94 Q1861.88 1484.52 1856.07 1484.52 Q1850.26 1484.52 1847.18 1479.94 Q1844.13 1475.33 1844.13 1466.61 Q1844.13 1457.86 1847.18 1453.27 Q1850.26 1448.67 1856.07 1448.67 Z\" fill=\"#000000\" fill-rule=\"evenodd\" fill-opacity=\"1\" /><path clip-path=\"url(#clip380)\" d=\"M 0 0 M2316.45 1479.92 L2332.77 1479.92 L2332.77 1483.85 L2310.82 1483.85 L2310.82 1479.92 Q2313.49 1477.16 2318.07 1472.53 Q2322.68 1467.88 2323.86 1466.54 Q2326.1 1464.01 2326.98 1462.28 Q2327.88 1460.52 2327.88 1458.83 Q2327.88 1456.07 2325.94 1454.34 Q2324.02 1452.6 2320.92 1452.6 Q2318.72 1452.6 2316.26 1453.37 Q2313.83 1454.13 2311.05 1455.68 L2311.05 1450.96 Q2313.88 1449.82 2316.33 1449.25 Q2318.79 1448.67 2320.82 1448.67 Q2326.19 1448.67 2329.39 1451.35 Q2332.58 1454.04 2332.58 1458.53 Q2332.58 1460.66 2331.77 1462.58 Q2330.99 1464.48 2328.88 1467.07 Q2328.3 1467.74 2325.2 1470.96 Q2322.1 1474.15 2316.45 1479.92 Z\" fill=\"#000000\" fill-rule=\"evenodd\" fill-opacity=\"1\" /><path clip-path=\"url(#clip380)\" d=\"M 0 0 M2352.58 1452.37 Q2348.97 1452.37 2347.14 1455.94 Q2345.34 1459.48 2345.34 1466.61 Q2345.34 1473.71 2347.14 1477.28 Q2348.97 1480.82 2352.58 1480.82 Q2356.22 1480.82 2358.02 1477.28 Q2359.85 1473.71 2359.85 1466.61 Q2359.85 1459.48 2358.02 1455.94 Q2356.22 1452.37 2352.58 1452.37 M2352.58 1448.67 Q2358.39 1448.67 2361.45 1453.27 Q2364.53 1457.86 2364.53 1466.61 Q2364.53 1475.33 2361.45 1479.94 Q2358.39 1484.52 2352.58 1484.52 Q2346.77 1484.52 2343.69 1479.94 Q2340.64 1475.33 2340.64 1466.61 Q2340.64 1457.86 2343.69 1453.27 Q2346.77 1448.67 2352.58 1448.67 Z\" fill=\"#000000\" fill-rule=\"evenodd\" fill-opacity=\"1\" /><path clip-path=\"url(#clip380)\" d=\"M 0 0 M2382.74 1452.37 Q2379.13 1452.37 2377.3 1455.94 Q2375.5 1459.48 2375.5 1466.61 Q2375.5 1473.71 2377.3 1477.28 Q2379.13 1480.82 2382.74 1480.82 Q2386.38 1480.82 2388.18 1477.28 Q2390.01 1473.71 2390.01 1466.61 Q2390.01 1459.48 2388.18 1455.94 Q2386.38 1452.37 2382.74 1452.37 M2382.74 1448.67 Q2388.55 1448.67 2391.61 1453.27 Q2394.69 1457.86 2394.69 1466.61 Q2394.69 1475.33 2391.61 1479.94 Q2388.55 1484.52 2382.74 1484.52 Q2376.93 1484.52 2373.86 1479.94 Q2370.8 1475.33 2370.8 1466.61 Q2370.8 1457.86 2373.86 1453.27 Q2376.93 1448.67 2382.74 1448.67 Z\" fill=\"#000000\" fill-rule=\"evenodd\" fill-opacity=\"1\" /><path clip-path=\"url(#clip380)\" d=\"M 0 0 M1223.03 1520.52 L1263.23 1520.52 L1263.23 1525.93 L1246.36 1525.93 L1246.36 1568.04 L1239.89 1568.04 L1239.89 1525.93 L1223.03 1525.93 L1223.03 1520.52 Z\" fill=\"#000000\" fill-rule=\"evenodd\" fill-opacity=\"1\" /><path clip-path=\"url(#clip380)\" d=\"M 0 0 M1267.17 1532.4 L1273.03 1532.4 L1273.03 1568.04 L1267.17 1568.04 L1267.17 1532.4 M1267.17 1518.52 L1273.03 1518.52 L1273.03 1525.93 L1267.17 1525.93 L1267.17 1518.52 Z\" fill=\"#000000\" fill-rule=\"evenodd\" fill-opacity=\"1\" /><path clip-path=\"url(#clip380)\" d=\"M 0 0 M1313.04 1539.24 Q1315.23 1535.29 1318.29 1533.41 Q1321.34 1531.54 1325.48 1531.54 Q1331.05 1531.54 1334.08 1535.45 Q1337.1 1539.33 1337.1 1546.53 L1337.1 1568.04 L1331.21 1568.04 L1331.21 1546.72 Q1331.21 1541.59 1329.4 1539.11 Q1327.58 1536.63 1323.86 1536.63 Q1319.31 1536.63 1316.67 1539.65 Q1314.02 1542.68 1314.02 1547.9 L1314.02 1568.04 L1308.14 1568.04 L1308.14 1546.72 Q1308.14 1541.56 1306.32 1539.11 Q1304.51 1536.63 1300.72 1536.63 Q1296.23 1536.63 1293.59 1539.68 Q1290.95 1542.71 1290.95 1547.9 L1290.95 1568.04 L1285.06 1568.04 L1285.06 1532.4 L1290.95 1532.4 L1290.95 1537.93 Q1292.95 1534.66 1295.75 1533.1 Q1298.55 1531.54 1302.41 1531.54 Q1306.29 1531.54 1308.99 1533.51 Q1311.73 1535.48 1313.04 1539.24 Z\" fill=\"#000000\" fill-rule=\"evenodd\" fill-opacity=\"1\" /><path clip-path=\"url(#clip380)\" d=\"M 0 0 M1379.27 1548.76 L1379.27 1551.62 L1352.35 1551.62 Q1352.73 1557.67 1355.97 1560.85 Q1359.25 1564 1365.08 1564 Q1368.45 1564 1371.6 1563.17 Q1374.78 1562.35 1377.9 1560.69 L1377.9 1566.23 Q1374.75 1567.57 1371.44 1568.27 Q1368.13 1568.97 1364.73 1568.97 Q1356.2 1568.97 1351.2 1564 Q1346.23 1559.04 1346.23 1550.57 Q1346.23 1541.82 1350.94 1536.69 Q1355.69 1531.54 1363.71 1531.54 Q1370.9 1531.54 1375.07 1536.18 Q1379.27 1540.8 1379.27 1548.76 M1373.42 1547.04 Q1373.35 1542.23 1370.71 1539.37 Q1368.1 1536.5 1363.77 1536.5 Q1358.87 1536.5 1355.91 1539.27 Q1352.98 1542.04 1352.54 1547.07 L1373.42 1547.04 Z\" fill=\"#000000\" fill-rule=\"evenodd\" fill-opacity=\"1\" /><polyline clip-path=\"url(#clip382)\" style=\"stroke:#000000; stroke-width:2; stroke-opacity:0.1; fill:none\" points=\"\n",
       "  249.542,1384.24 2352.76,1384.24 \n",
       "  \"/>\n",
       "<polyline clip-path=\"url(#clip382)\" style=\"stroke:#000000; stroke-width:2; stroke-opacity:0.1; fill:none\" points=\"\n",
       "  249.542,1056.45 2352.76,1056.45 \n",
       "  \"/>\n",
       "<polyline clip-path=\"url(#clip382)\" style=\"stroke:#000000; stroke-width:2; stroke-opacity:0.1; fill:none\" points=\"\n",
       "  249.542,728.656 2352.76,728.656 \n",
       "  \"/>\n",
       "<polyline clip-path=\"url(#clip382)\" style=\"stroke:#000000; stroke-width:2; stroke-opacity:0.1; fill:none\" points=\"\n",
       "  249.542,400.865 2352.76,400.865 \n",
       "  \"/>\n",
       "<polyline clip-path=\"url(#clip382)\" style=\"stroke:#000000; stroke-width:2; stroke-opacity:0.1; fill:none\" points=\"\n",
       "  249.542,73.074 2352.76,73.074 \n",
       "  \"/>\n",
       "<polyline clip-path=\"url(#clip380)\" style=\"stroke:#000000; stroke-width:4; stroke-opacity:1; fill:none\" points=\"\n",
       "  249.542,1423.18 249.542,47.2441 \n",
       "  \"/>\n",
       "<polyline clip-path=\"url(#clip380)\" style=\"stroke:#000000; stroke-width:4; stroke-opacity:1; fill:none\" points=\"\n",
       "  249.542,1384.24 274.781,1384.24 \n",
       "  \"/>\n",
       "<polyline clip-path=\"url(#clip380)\" style=\"stroke:#000000; stroke-width:4; stroke-opacity:1; fill:none\" points=\"\n",
       "  249.542,1056.45 274.781,1056.45 \n",
       "  \"/>\n",
       "<polyline clip-path=\"url(#clip380)\" style=\"stroke:#000000; stroke-width:4; stroke-opacity:1; fill:none\" points=\"\n",
       "  249.542,728.656 274.781,728.656 \n",
       "  \"/>\n",
       "<polyline clip-path=\"url(#clip380)\" style=\"stroke:#000000; stroke-width:4; stroke-opacity:1; fill:none\" points=\"\n",
       "  249.542,400.865 274.781,400.865 \n",
       "  \"/>\n",
       "<polyline clip-path=\"url(#clip380)\" style=\"stroke:#000000; stroke-width:4; stroke-opacity:1; fill:none\" points=\"\n",
       "  249.542,73.074 274.781,73.074 \n",
       "  \"/>\n",
